1BPM3_X:
  mean: -1.5659969091415404
  var: 7.84962286322872e-05
1BPM3_Y:
  mean: 3.7900228023529055
  var: 0.00033033772755827257
1BPM3_SUM:
  mean: 1084.7965026855468
  var: 5.347599610647089
