1BPM3_X:
  mean: 1.278464013338089
  var: 0.0002707110106853942
1BPM3_Y:
  mean: 6.453859901428222
  var: 0.0004534737993756272
1BPM3_SUM:
  mean: 2426.353125
  var: 8.124564913699501
