1BPM3_SUM:
  mean: 1829.6320007324218
  std: 3.6361215812604724
1BPM3_X:
  mean: 8.201940870285034
  std: 0.08500657081018226
1BPM3_Y:
  mean: -4.125187277793884
  std: 0.01862458974178079
