1BPM3_SUM:
  mean: 6.089053864964066
  std: 0.0657287238440544
1BPM3_X:
  mean: 6.055936657310948
  std: 0.06088512536731718
1BPM3_Y:
  mean: 6.082202929620371
  std: 0.04495287680350073
