1BPM3_SUM:
  mean: 6.098192430153432
  std: 0.04542025903166574
1BPM3_X:
  mean: 6.088100652620012
  std: 0.05516327335010978
1BPM3_Y:
  mean: 6.109619483019129
  std: 0.051404777862600635
