1BPM3_X:
  mean: -4.480947828292846
  var: 0.0006216448045746035
1BPM3_Y:
  mean: 2.465774118900299
  var: 4.021861116068761e-05
1BPM3_SUM:
  mean: 2630.517468261719
  var: 3.4779260941241916
