1BPM3_SUM:
  mean: 1928.15
  std: 89.74423379805523
1BPM3_X:
  mean: 1.1430540725588798
  std: 0.36882465321893315
1BPM3_Y:
  mean: 1.2667494505643844
  std: 0.5928615359108403
