1BPM3_SUM:
  mean: 2219.1114990234373
  std: 4.993822639555298
1BPM3_X:
  mean: 6.1499065399169925
  std: 0.027169195021868535
1BPM3_Y:
  mean: -1.5908926248550415
  std: 0.034479320980591255
