1BPM3_SUM:
  mean: 1837.2885009765625
  std: 1.251572604620787
1BPM3_X:
  mean: 8.14500846862793
  std: 0.05361428028670313
1BPM3_Y:
  mean: -4.047816503047943
  std: 0.02629107373979712
