1BPM3_X:
  mean: 1.0482446861827985
  var: 0.0012123024313005673
1BPM3_Y:
  mean: 0.7218327540734512
  var: 0.0004834922477195985
1BPM3_SUM:
  mean: 0.2833069094350087
  var: 0.0006286258011740679
