1BPM3_SUM:
  mean: 1840.6815063476563
  std: 4.254891901731031
1BPM3_X:
  mean: 8.116078734397888
  std: 0.1327322930378901
1BPM3_Y:
  mean: -4.0176076769828795
  std: 0.028437135939910402
