1BPM3_SUM:
  mean: 6.098192430153432
  var: 0.0021715788742143294
1BPM3_X:
  mean: 6.088100652620012
  var: 0.0032031439228409806
1BPM3_Y:
  mean: 6.109619483019129
  var: 0.002781527565371912
