1BPM3_Y:
  mean: 6.1045123340734335
  var: 0.003296651439478902
1BPM3_X:
  mean: 6.119051409867486
  var: 0.0024011532344697813
1BPM3_SUM:
  mean: 6.10263973574007
  var: 0.0025924864771798687
