1BPM3_SUM:
  mean: 1842.95849609375
  std: 2.4339390235756815
1BPM3_X:
  mean: 8.153049087524414
  std: 0.057002982398399446
1BPM3_Y:
  mean: -4.105110454559326
  std: 0.017784209929808465
